1
10
-0.42862006882205606 -0.1817450961098075 0.9047886501066387
-0.49355338979512453 -0.3317575347609818 0.19769027549773455
-0.48764234501868486 0.8999049430713058 0.5291800862178206
0.7521405559964478 0.08041810104623437 0.44511608337052166
0.4424680736847222 -0.9753574361093342 0.21194574469700456
0.7335178861394525 -0.8192398739047348 0.7153621427714825
0.13245511427521706 0.5899479207582772 0.601770625449717
-0.6041365745477378 0.5839831391349435 0.8495977940037847
0.7081939447671175 -0.75357665726915 0.4619408168364316
0.7376973847858608 -0.28207420464605093 0.2945682236459106
